(1,42,67)
(2,35,0)
(3,70,24)
(4,79,58)
(5,63,64)
(7,82,27)
(8,62,91)
(9,96,42)
(10,28,36)
(11,92,4)
(12,3,53)
(13,93,82)
(14,22,16)
(15,19,95)
(16,48,26)
(17,72,38)
(18,70,12)
(19,68,99)
(20,36,94)
(21,4,11)
(22,23,33)
(23,74,64)
(24,42,11)
(25,54,68)
(26,48,44)
(27,63,57)
(28,38,59)
(29,24,41)
(31,17,35)
(32,91,42)
(33,89,6)
(34,41,42)
(35,65,48)
(36,47,5)
(37,91,29)
(38,71,50)
(39,7,1)
(40,94,48)
(41,30,23)
(42,85,54)
(43,57,40)
(44,67,76)
(45,32,8)
(46,45,39)
(47,27,23)
(48,38,38)
(49,19,82)
(50,30,41)
(51,34,15)
(52,40,58)
(53,5,30)
(54,78,6)
(55,74,86)
(56,22,45)
(57,25,72)
(58,71,29)
(59,78,73)
(60,98,12)
(61,87,90)
(63,56,67)
(64,56,74)
(65,32,52)
(66,51,50)
(67,42,24)
(68,67,30)
(69,8,91)
(70,8,37)
(72,54,83)
(73,46,9)
(74,10,58)
(75,22,88)
(76,23,46)
(77,7,30)
(78,14,68)
(79,1,91)
(80,63,55)
(81,11,59)
(82,25,37)
(83,49,83)
(84,96,41)
(85,3,50)
(86,92,36)
(87,75,20)
(88,97,21)
(89,49,99)
(90,69,84)
(91,82,34)
(92,54,99)
(93,19,38)
(94,1,88)
(95,28,67)
(96,29,93)
(97,49,83)
(98,8,21)
(99,11,17)
(100,14,14)
